Airfoil Raw Data
================

Airfoil: 0012
   CL_max: 1.3676308210935422
   CD0: 0.0053553490788547575

Airfoil: 2412
   CL_max: 1.4932271304706033
   CD0: 0.005462404840031656

Airfoil: 4412
   CL_max: 1.5982687165346647
   CD0: 0.0059206528264517996

Airfoil: 23012
   CL_max: 1.4725263000373747
   CD0: 0.006001922472416134

