Optimized Airfoil Configurations
===============================

Airfoil: 0012
   S: 102.31586864510186
   AR: 20.00000019804908
   V: 50.18391803934978
   L_over_D: 51.379195881302756
   W_total: 86852.69572662404

Airfoil: 2412
   S: 102.36610470423366
   AR: 20.000000198029667
   V: 49.935500310375474
   L_over_D: 50.87322307673925
   W_total: 86892.88457424795

Airfoil: 4412
   S: 102.24853293160743
   AR: 20.00000019794868
   V: 48.9415077699244
   L_over_D: 48.86483059435583
   W_total: 86798.82715488442

Airfoil: 23012
   S: 102.1456901945233
   AR: 20.000000197934657
   V: 48.77639983378757
   L_over_D: 48.5328734176096
   W_total: 86716.55296434552

